16 03 01 00 bc
01 00 00 b8
  03 03
  71 05 7e 6f 2f 2d 26 e4 48 ad 1f 15 77 8f 55 5d 66 87 a4 38 79 82 8e ee 83 14 39 65 fa b7 11 ef
  20
  20 20 20 20 20 20 20 20 20 20 20 20 20 20 20 20 20 20 20 20 20 20 20 20 20 20 20 20 20 20 20 20
  00 02 13 01
  01 00
  00 6d
    00 00 00 13
      00 11
        00 
        00 0e 77 77 77 2e 66 65 72 63 73 69 2e 63 6f 6d
    00 0b 00 02
      01
        00
    00 0a 00 04
      00 02
        00 1d ??
    00 23 00 00
    ### 00 16 00 00
    00 17 00 00
    00 0d 00 04
      00 02
        08 07 ??
    00 2b 00 03
      02
        03 04
    00 2d 00 02
      01
        01
    00 33 00 26
      00 24
        00 1d
        00 20
        2f 2e 2c 73 17 db 13 86 22 52 90 dc 0c 04 33 5d f8 ef 18 32 4b c0 33 b0 88 fd 33 e4 ad 9b 26 35
